A01B 1 0 1 0 0
A01C 0 0 0 0 0
A01D 0 0 0 0 0
A01F 0 0 0 0 0
A01G 0 0 0 0 0
A01H 0 0 0 0 0
A01J 0 0 0 0 0
A01K 0 0 0 0 0
A01L 0 0 0 0 0
A01M 0 0 0 0 0
A01N 0 0 0 0 0
A01P 0 0 0 0 0
A21B 0 0 0 0 0
A21C 0 0 0 0 0
A21D 0 0 0 0 0
A22B 0 0 0 0 0
A22C 0 0 0 0 0
A23B 0 0 0 0 0
A23C 0 0 0 0 0
A23D 0 0 0 0 0
A23F 0 0 0 0 0
A23G 0 0 0 0 0
A23J 0 0 0 0 0
A23K 0 0 0 0 0
A23L 0 0 0 0 0
A23N 0 0 0 0 0
A23P 0 0 0 0 0
A24B 0 0 0 0 0
A24C 0 0 0 0 0
A24D 0 0 0 0 0
A24F 0 0 0 0 0
A41B 0 0 0 0 0
A41C 0 0 0 0 0
A41D 0 0 0 0 0
A41F 0 0 0 0 0
A41G 0 0 0 0 0
A41H 0 0 0 0 0
A42B 0 0 0 0 0
A42C 0 0 0 0 0
A43B 0 0 0 0 0
A43C 0 0 0 0 0
A43D 0 0 0 0 0
A44B 0 7 0 1 0
A44C 0 0 0 0 0
A45B 0 0 0 0 0
A45C 0 2 0 0 0
A45D 0 0 0 0 0
A45F 0 0 0 0 0
A46B 0 0 0 0 0
A46D 0 0 0 0 0
A47B 0 0 0 0 0
A47C 2 0 1 1 1
A47D 0 0 0 0 0
A47F 0 0 0 0 0
A47G 0 0 0 0 0
A47H 0 0 0 0 0
A47J 0 0 0 0 0
A47K 0 0 0 0 0
A47L 0 0 0 0 0
A61B 1 2 1 6 6
A61C 0 0 0 0 0
A61D 0 0 0 0 0
A61F 0 0 0 0 0
A61G 0 0 0 0 0
A61H 0 0 0 0 0
A61J 0 0 0 0 0
A61K 0 0 0 0 0
A61L 0 0 0 0 0
A61M 0 1 0 1 0
A61N 0 1 0 0 1
A61P 0 0 0 0 0
A61Q 0 0 0 0 0
A62B 0 0 0 0 0
A62C 0 0 0 0 0
A62D 0 0 0 0 0
A63B 0 0 0 0 0
A63C 0 0 0 0 0
A63D 0 0 0 0 0
A63F 6 0 0 0 0
A63G 0 0 0 0 0
A63H 0 0 0 0 0
A63J 0 0 1 0 0
A63K 0 0 0 0 0
A99Z 0 0 0 0 0
B01B 0 0 0 0 0
B01D 4 11 1 10 3
B01F 0 0 0 0 0
B01J 1 3 0 0 1
B01L 0 0 0 0 0
B02B 0 0 0 0 0
B02C 0 0 0 0 0
B03B 0 0 0 0 0
B03C 0 0 0 6 0
B03D 0 0 0 0 0
B04B 0 0 0 0 0
B04C 0 0 0 0 0
B05B 0 1 0 0 2
B05C 0 7 0 0 1
B05D 0 12 0 2 4
B06B 0 1 0 0 0
B07B 0 0 0 0 0
B07C 0 0 0 0 0
B08B 0 0 0 0 0
B09B 0 0 0 0 0
B09C 0 0 0 0 0
B21B 0 0 0 0 0
B21C 0 1 0 0 0
B21D 0 2 0 0 1
B21F 0 0 0 0 0
B21G 0 0 0 0 0
B21H 0 0 0 0 0
B21J 0 0 2 1 0
B21K 0 0 0 0 0
B21L 0 0 0 0 0
B22C 0 0 0 0 0
B22D 0 0 0 0 0
B22F 0 12 0 0 1
B23B 0 0 0 0 0
B23C 0 0 0 0 0
B23D 0 0 0 0 0
B23F 0 0 0 0 0
B23G 0 0 0 0 0
B23H 0 0 0 0 0
B23K 0 34 4 9 16
B23P 1 2 0 0 1
B23Q 0 2 0 0 1
B24B 0 0 0 0 0
B24C 0 0 0 0 0
B24D 0 0 0 0 0
B25B 0 0 0 0 0
B25C 0 0 0 0 0
B25D 0 0 0 0 0
B25F 0 0 0 0 0
B25G 0 0 0 0 0
B25H 0 0 0 0 0
B25J 0 1 0 0 0
B26B 0 0 0 0 0
B26D 0 0 0 0 0
B26F 0 0 0 0 0
B27B 0 0 0 0 0
B27C 0 0 0 0 0
B27D 0 0 0 0 0
B27F 0 0 0 0 0
B27G 0 0 0 0 0
B27H 0 0 0 0 0
B27J 0 0 0 0 0
B27K 0 0 0 0 0
B27L 0 0 0 0 0
B27M 0 0 0 0 0
B27N 0 0 0 0 0
B28B 0 0 0 0 0
B28C 0 0 0 0 0
B28D 0 0 0 0 1
B29B 0 0 0 3 5
B29C 0 1 1 15 16
B29D 0 0 0 0 0
B29K 0 1 0 4 6
B29L 0 0 0 1 1
B30B 0 0 0 0 0
B31B 0 0 0 0 0
B31C 0 0 0 0 0
B31D 0 0 0 0 0
B31F 0 0 0 0 0
B32B 1 8 1 8 5
B33Y 0 0 0 0 0
B41B 0 0 0 0 0
B41C 0 0 0 0 0
B41D 0 0 0 0 0
B41F 0 0 0 0 0
B41G 0 0 0 0 0
B41J 0 2 0 0 0
B41K 0 0 0 0 0
B41L 0 0 0 0 0
B41M 0 0 0 0 0
B41N 0 0 0 0 0
B42B 0 0 0 0 0
B42C 0 0 0 0 0
B42D 0 0 0 0 0
B42F 0 0 0 0 0
B43K 0 0 0 0 0
B43L 0 0 0 0 0
B43M 0 0 0 0 0
B44B 0 0 0 0 0
B44C 0 0 0 0 0
B44D 0 0 0 0 0
B44F 0 0 0 0 0
B60B 1 0 0 0 0
B60C 0 0 5 0 0
B60D 0 0 0 0 1
B60F 0 0 0 0 0
B60G 1 0 2 3 1
B60H 1 11 3 4 4
B60J 0 3 1 5 2
B60K 39 71 46 50 36
B60L 23 21 12 15 22
B60M 0 0 0 0 0
B60N 8 1 16 7 12
B60P 0 0 0 1 1
B60Q 18 15 15 30 12
B60R 37 93 45 36 69
B60S 0 8 0 2 0
B60T 6 2 12 11 15
B60V 0 0 0 0 0
B60W 25 43 100 25 82
B61B 0 0 0 0 0
B61C 0 0 0 0 0
B61D 0 0 0 0 0
B61F 0 0 0 0 0
B61G 0 0 0 0 0
B61H 0 0 0 0 0
B61J 0 0 0 0 0
B61K 0 0 0 0 0
B61L 0 0 1 0 0
B62B 0 0 0 0 0
B62C 0 0 0 0 0
B62D 8 27 34 9 24
B62H 0 0 0 0 0
B62J 0 0 0 0 0
B62K 0 0 0 0 0
B62L 0 0 0 0 0
B62M 0 0 0 0 0
B63B 0 0 0 0 0
B63C 0 0 0 0 0
B63G 0 0 0 0 0
B63H 0 1 2 0 0
B63J 0 0 0 0 0
B64B 0 0 0 0 0
B64C 0 0 0 0 0
B64D 1 0 0 0 0
B64F 0 0 0 0 0
B64G 0 0 0 0 0
B65B 3 0 0 0 0
B65C 0 0 0 0 0
B65D 1 0 0 1 0
B65F 0 0 0 0 0
B65G 0 0 0 0 1
B65H 0 0 0 0 0
B66B 0 0 0 0 0
B66C 0 0 0 0 0
B66D 0 0 0 0 0
B66F 0 0 0 0 0
B67B 0 0 0 0 0
B67C 0 0 0 0 0
B67D 1 0 0 0 0
B68B 0 0 0 0 0
B68C 0 0 0 0 0
B68F 0 0 0 0 0
B68G 0 0 0 0 0
B81B 0 0 0 0 0
B81C 0 0 0 0 0
B82B 0 1 0 0 0
B82Y 0 1 0 0 0
B99Z 0 0 0 0 0
C01B 0 1 1 0 0
C01C 0 0 0 0 0
C01D 0 0 0 0 0
C01F 0 0 0 0 0
C01G 0 0 0 0 0
C02F 0 0 0 1 0
C03B 0 0 0 0 0
C03C 0 1 0 0 0
C04B 0 1 0 0 2
C05B 0 0 0 0 0
C05C 0 0 0 0 0
C05D 0 0 0 0 0
C05F 0 0 0 0 0
C05G 0 0 0 0 0
C06B 0 0 0 0 0
C06C 0 0 0 0 0
C06D 0 0 0 0 0
C06F 0 0 0 0 0
C07B 0 0 0 0 0
C07C 0 0 0 0 0
C07D 0 0 0 0 0
C07F 0 0 0 0 0
C07G 0 0 0 0 0
C07H 0 0 0 0 0
C07J 0 0 0 0 0
C07K 0 0 0 0 0
C08B 0 0 0 0 0
C08C 0 0 0 0 0
C08F 0 1 0 0 1
C08G 0 0 0 3 3
C08H 0 0 0 0 0
C08J 0 2 0 4 4
C08K 0 1 0 4 2
C08L 0 1 0 7 1
C09B 0 0 0 0 0
C09C 0 0 0 0 0
C09D 0 9 0 2 0
C09F 0 0 0 0 0
C09G 0 0 0 0 0
C09H 0 0 0 0 0
C09J 0 0 0 1 0
C09K 0 2 0 0 0
C10B 0 0 0 0 0
C10C 0 0 0 0 0
C10F 0 0 0 0 0
C10G 0 0 0 0 0
C10H 0 0 0 0 0
C10J 0 0 0 0 0
C10K 0 0 0 0 0
C10L 0 0 0 0 0
C10M 0 0 0 1 0
C10N 0 0 0 1 0
C11B 0 0 0 0 0
C11C 0 0 0 0 0
C11D 0 0 0 0 0
C12C 0 0 0 0 0
C12F 0 0 0 0 0
C12G 0 0 0 0 0
C12H 0 0 0 0 0
C12J 0 0 0 0 0
C12L 0 0 0 0 0
C12M 0 0 0 0 0
C12N 0 0 0 0 0
C12P 0 0 0 0 0
C12Q 0 0 0 0 0
C12R 0 0 0 0 0
C13B 0 0 0 0 0
C13K 0 0 0 0 0
C14B 0 0 0 0 0
C14C 0 0 0 0 0
C21B 0 0 0 0 0
C21C 0 0 0 0 0
C21D 0 0 0 0 3
C22B 0 0 0 0 0
C22C 0 5 0 0 2
C22F 0 0 0 0 0
C23C 0 4 0 0 5
C23D 0 0 0 0 0
C23F 0 0 0 0 0
C23G 0 0 0 0 0
C25B 0 0 1 0 1
C25C 0 0 0 0 0
C25D 0 0 0 0 1
C25F 0 0 0 0 0
C30B 0 0 0 0 0
C40B 0 0 0 0 0
C99Z 0 0 0 0 0
D01B 0 0 0 0 0
D01C 0 0 0 0 0
D01D 0 0 0 0 0
D01F 0 0 0 0 0
D01G 0 0 0 0 0
D01H 0 0 0 0 0
D02G 0 0 0 0 0
D02H 0 0 0 0 0
D02J 0 0 0 0 0
D03C 0 0 0 0 0
D03D 0 0 0 0 0
D03J 0 0 0 0 0
D04B 0 0 0 0 0
D04C 0 0 0 0 0
D04D 0 0 0 0 0
D04G 0 0 0 0 0
D04H 0 0 0 1 1
D05B 0 0 0 0 0
D05C 0 0 0 0 0
D06B 0 0 0 0 0
D06C 0 0 0 0 0
D06F 0 0 0 0 0
D06G 0 0 0 0 0
D06H 0 0 0 0 0
D06J 0 0 0 0 0
D06L 0 0 0 0 0
D06M 0 1 0 1 0
D06N 0 0 0 0 0
D06P 0 0 0 0 0
D06Q 0 0 0 0 0
D07B 0 0 0 0 0
D21B 0 0 0 0 0
D21C 0 0 0 0 0
D21D 0 0 0 0 0
D21F 0 0 0 0 0
D21G 0 0 0 0 0
D21H 0 0 0 0 0
D21J 0 0 0 0 0
D99Z 0 0 0 0 0
E01B 0 0 0 0 0
E01C 0 0 0 0 0
E01D 0 0 0 0 0
E01F 0 0 0 0 0
E01H 0 0 0 0 0
E02B 0 0 0 0 0
E02C 0 0 0 0 0
E02D 0 0 0 0 0
E02F 0 0 1 1 0
E03B 0 0 0 0 0
E03C 0 0 0 0 0
E03D 0 0 0 0 0
E03F 0 0 0 0 0
E04B 0 0 0 0 0
E04C 0 1 0 0 0
E04D 0 0 0 0 0
E04F 0 0 0 0 0
E04G 0 0 0 0 0
E04H 0 1 0 0 0
E05B 1 14 7 3 6
E05C 1 2 0 0 0
E05D 0 1 0 1 0
E05F 0 5 0 9 6
E05G 0 0 0 0 0
E06B 0 0 0 0 0
E06C 0 0 0 0 0
E21B 0 0 0 0 0
E21C 0 0 0 0 0
E21D 0 0 0 0 0
E21F 0 0 0 0 0
E99Z 0 0 0 0 0
F01B 0 0 0 0 0
F01C 0 0 0 0 0
F01D 0 0 0 0 1
F01K 0 1 2 0 0
F01L 8 2 0 6 4
F01M 0 5 0 2 1
F01N 27 54 7 8 19
F01P 1 13 1 10 7
F02B 8 12 10 3 11
F02C 0 0 0 1 1
F02D 9 47 15 21 22
F02F 4 0 0 1 0
F02G 0 2 2 0 0
F02K 0 0 0 0 0
F02M 7 12 9 7 4
F02N 1 5 0 0 2
F02P 1 5 0 1 0
F03B 0 0 0 0 0
F03C 0 0 0 0 0
F03D 0 0 0 0 0
F03G 0 0 0 0 0
F03H 0 0 0 0 0
F04B 3 0 0 1 1
F04C 0 0 0 0 1
F04D 0 0 0 0 5
F04F 0 0 0 0 0
F15B 0 0 1 10 0
F15C 0 0 0 0 0
F15D 0 0 0 0 0
F16B 4 20 1 5 2
F16C 0 0 0 0 0
F16D 1 4 0 5 8
F16F 0 1 2 2 4
F16G 0 0 0 0 0
F16H 5 77 5 14 9
F16J 0 1 0 0 1
F16K 0 3 1 18 1
F16L 0 1 0 1 0
F16M 0 0 0 0 0
F16N 0 0 0 1 0
F16P 0 0 0 0 0
F16S 0 0 0 0 0
F16T 0 0 0 0 0
F17B 0 0 0 0 0
F17C 0 0 0 0 0
F17D 0 0 0 0 0
F21H 0 0 0 0 0
F21K 0 0 0 0 0
F21L 0 0 0 0 0
F21S 0 0 1 11 0
F21V 2 0 0 18 0
F21W 0 0 0 3 0
F21Y 0 0 0 3 0
F22B 0 0 0 0 0
F22D 0 0 0 0 0
F22G 0 0 0 0 0
F23B 0 0 0 0 0
F23C 0 0 0 0 0
F23D 0 0 0 0 0
F23G 0 0 0 0 0
F23H 0 0 0 0 0
F23J 0 0 0 0 0
F23K 0 0 0 1 0
F23L 0 0 0 0 0
F23M 0 0 0 0 0
F23N 0 0 0 0 0
F23Q 0 0 0 0 0
F23R 0 0 0 0 0
F24B 0 0 0 0 0
F24C 0 0 0 0 0
F24D 0 0 0 0 0
F24F 1 0 0 1 1
F24H 0 0 0 0 0
F24S 0 0 0 0 0
F24T 0 0 0 0 0
F24V 0 0 0 0 0
F25B 0 1 1 0 0
F25C 0 0 0 0 0
F25D 0 0 1 0 0
F25J 0 0 0 0 0
F26B 0 0 0 0 0
F27B 0 0 0 0 0
F27D 0 0 0 0 0
F28B 0 0 0 0 0
F28C 0 0 0 0 0
F28D 0 7 1 0 0
F28F 0 5 0 0 0
F28G 0 0 0 0 0
F41A 0 0 0 0 0
F41B 0 0 0 0 0
F41C 0 0 0 0 0
F41F 0 0 0 0 0
F41G 0 1 0 0 0
F41H 0 0 0 0 0
F41J 0 0 0 0 0
F42B 0 0 0 0 0
F42C 0 0 0 0 0
F42D 0 0 0 0 0
F99Z 0 0 0 0 0
G01B 0 3 0 1 2
G01C 48 18 21 22 32
G01D 8 1 1 1 1
G01F 0 1 1 1 0
G01G 0 0 1 0 0
G01H 0 0 0 0 0
G01J 0 0 0 1 0
G01K 0 0 0 0 0
G01L 0 5 1 0 0
G01M 2 5 3 3 2
G01N 1 16 1 0 1
G01P 1 2 0 0 0
G01Q 0 0 0 0 0
G01R 3 6 1 1 6
G01S 9 30 14 9 14
G01T 0 0 0 0 0
G01V 0 1 0 0 1
G01W 0 0 0 0 0
G02B 7 2 2 7 6
G02C 0 0 0 0 0
G02F 2 1 0 0 2
G03B 1 1 2 0 0
G03C 0 0 0 0 0
G03D 0 0 0 0 0
G03F 0 0 0 0 0
G03G 0 0 0 0 0
G03H 0 0 0 0 0
G04B 0 0 0 0 0
G04C 0 0 0 0 0
G04D 0 0 0 0 0
G04F 0 0 0 0 0
G04G 0 0 0 0 0
G04R 0 0 0 0 0
G05B 3 3 2 2 5
G05D 7 6 17 11 19
G05F 0 0 1 0 0
G05G 1 1 2 1 0
G06C 0 0 0 0 0
G06D 0 0 0 0 0
G06E 0 0 0 0 0
G06F 100 100 85 100 100
G06G 0 1 2 1 3
G06J 0 0 0 0 0
G06K 7 6 2 7 11
G06M 0 0 0 0 0
G06N 2 0 0 2 1
G06Q 13 4 8 7 16
G06T 4 5 2 6 7
G07B 0 0 1 0 1
G07C 6 11 4 5 19
G07D 0 0 0 0 0
G07F 0 0 0 0 1
G07G 0 0 0 0 0
G08B 7 8 9 10 11
G08C 1 2 0 1 6
G08G 31 27 31 16 52
G09B 7 6 3 2 3
G09C 0 0 0 0 0
G09D 0 0 0 0 0
G09F 3 1 2 1 1
G09G 11 11 8 6 6
G10B 0 0 0 0 0
G10C 0 0 0 0 0
G10D 0 0 0 0 0
G10F 0 0 0 0 0
G10G 0 0 0 0 0
G10H 1 1 0 1 0
G10K 1 2 0 1 0
G10L 0 9 2 1 15
G11B 3 3 1 1 0
G11C 0 0 0 0 0
G12B 1 0 0 0 0
G16B 0 0 0 0 0
G16C 0 0 0 0 0
G16H 0 0 0 0 1
G16Z 0 0 0 0 0
G21B 0 0 0 0 0
G21C 0 0 0 0 0
G21D 0 0 0 0 0
G21F 0 0 0 0 0
G21G 0 0 0 0 0
G21H 0 0 0 0 0
G21J 0 0 0 0 0
G21K 0 0 0 0 0
G99Z 0 0 0 0 0
H01B 0 0 0 0 0
H01C 0 0 0 0 0
H01F 0 40 0 2 1
H01G 0 3 0 0 0
H01H 3 2 1 6 19
H01J 0 0 0 1 0
H01K 0 0 0 0 0
H01L 2 5 3 2 9
H01M 3 80 59 41 88
H01P 0 0 0 0 0
H01Q 0 11 0 0 2
H01R 0 0 1 1 5
H01S 0 0 0 0 0
H01T 2 0 0 0 0
H02B 0 0 0 0 0
H02G 0 1 0 0 1
H02H 1 9 0 0 3
H02J 11 8 6 3 10
H02K 0 40 8 33 8
H02M 0 4 1 1 1
H02N 0 0 0 0 0
H02P 0 2 1 3 3
H02S 0 0 0 0 1
H03B 0 0 0 0 0
H03C 0 0 0 0 0
H03D 0 0 0 0 0
H03F 0 0 0 0 0
H03G 0 3 0 0 0
H03H 0 0 0 0 0
H03J 0 0 0 0 0
H03K 0 2 1 1 2
H03L 0 0 0 0 0
H03M 0 0 0 0 0
H04B 7 9 4 6 14
H04H 7 2 0 1 1
H04J 1 0 0 1 1
H04K 0 0 0 0 2
H04L 12 14 6 17 65
H04M 12 13 6 4 12
H04N 26 13 6 16 7
H04Q 3 2 0 1 4
H04R 2 22 1 1 1
H04S 0 4 0 0 0
H04W 9 9 14 21 98
H05B 0 2 0 1 0
H05C 0 0 0 0 0
H05F 0 0 0 0 0
H05G 0 0 0 0 0
H05H 0 0 0 0 0
H05K 1 2 2 1 3
H99Z 0 1 0 0 0
